world: world
x: 114.20234342532535
y: 150.0
z: 342.0234452390692
yaw: -92.40001
pitch: 51.450005
name: shop
