spawns: 
  default: 
    world: world
    x: 100.57219077209868
    y: 64.0
    z: 359.2611430313632
    yaw: -79.50001
    pitch: 18.600002
  smirk_cat: 
    world: world
    x: 114.5015583159084
    y: 150.0
    z: 342.05446296998446
    yaw: -97.95001
    pitch: 20.250002
  "smirk-cat": 
    world: world
    x: 134.37912127030174
    y: 82.0
    z: 380.62569804629885
    yaw: -176.85002
    pitch: 44.699997
