timestamps:
  login: 1683053586006
  logout: 1683053605506
ipAddress: 127.0.0.1
lastlocation:
  world: world
  x: 100.0
  y: 64.0
  z: 359.0
  yaw: 0.0
  pitch: 0.0
logoutlocation:
  world: world
  x: 100.5
  y: 64.0
  z: 359.5
  yaw: -80.25001
  pitch: 18.600002
