timestamps:
  login: 1683216770486
  lastteleport: 1683216926785
  logout: 1683218218985
ipAddress: 127.0.0.1
lastlocation:
  world: world
  x: 116.30000001192093
  y: 64.0
  z: 361.99140610323826
  yaw: -80.55
  pitch: 22.650002
logoutlocation:
  world: world
  x: 167.33528972658047
  y: 64.0
  z: 355.06403344963826
  yaw: -130.80002
  pitch: 7.2000012
