timestamps:
  login: 1683817501610
  lastteleport: 1683752026147
  logout: 1683817577860
  kits:
    tools: 1683143990103
ipAddress: 127.0.0.1
lastlocation:
  world: world
  x: 117.2949181843941
  y: 64.0
  z: 374.94683970370824
  yaw: 219.30002
  pitch: 15.9000025
logoutlocation:
  world: world
  x: 95.5461962595003
  y: 64.0
  z: 383.785771916991
  yaw: 249.60004
  pitch: 27.750002
homes:
  r:
    world: world
    x: 295.58606755785746
    y: 13.0
    z: 409.0457507720735
    yaw: 90.30011
    pitch: 37.50001
  e:
    world: world
    x: 536.3173164744876
    y: 78.0
    z: 899.3000000119209
    yaw: 350.45654
    pitch: 79.2
  y:
    world: world
    x: 114.34959672634574
    y: 113.0
    z: 368.38911143557857
    yaw: 264.00003
    pitch: 50.099995
afk: false
money: '-422.0'
