timestamps:
  login: 1683227451285
  logout: 1683227749285
ipAddress: 127.0.0.1
lastlocation:
  world: world
  x: 100.0
  y: 64.0
  z: 359.0
  yaw: 0.0
  pitch: 0.0
logoutlocation:
  world: world
  x: 96.1048613851699
  y: 64.0
  z: 367.0188636300405
  yaw: -151.20001
  pitch: 10.650002
afk: false
