timestamps:
  login: 1683822810780
  lastteleport: 1683822919130
  logout: 1683822970080
ipAddress: 127.0.0.1
lastlocation:
  world: world
  x: 11.920446893425405
  y: 69.0
  z: 346.51635561411393
  yaw: -343.20004
  pitch: 11.250001
logoutlocation:
  world: world
  x: 98.5756303830906
  y: 64.0
  z: 376.69999998807907
  yaw: -347.25003
  pitch: 10.050001
