timestamps:
  login: 1683822997580
  logout: 1683823107580
ipAddress: 127.0.0.1
lastlocation:
  world: world
  x: 100.0
  y: 64.0
  z: 359.0
  yaw: 0.0
  pitch: 0.0
logoutlocation:
  world: world
  x: 95.37704630876465
  y: 64.0
  z: 389.0278567983498
  yaw: -23.850037
  pitch: 23.100002
