timestamps:
  login: 1683218963235
  logout: 1683218978985
ipAddress: 127.0.0.1
lastlocation:
  world: world
  x: 100.0
  y: 64.0
  z: 359.0
  yaw: 0.0
  pitch: 0.0
afk: false
logoutlocation:
  world: world
  x: 100.0
  y: 64.0
  z: 359.0
  yaw: 0.15000002
  pitch: 0.45000005
