timestamps:
  login: 1683218115985
  logout: 1683218788985
ipAddress: 127.0.0.1
lastlocation:
  world: world
  x: 100.0
  y: 64.0
  z: 359.0
  yaw: 0.0
  pitch: 0.0
afk: false
logoutlocation:
  world: world
  x: 86.98234981455566
  y: 79.0
  z: 371.5554145026249
  yaw: 277.80005
  pitch: 34.200012
