timestamps:
  login: 1683218694735
  logout: 1683218828985
ipAddress: 127.0.0.1
lastlocation:
  world: world
  x: 100.0
  y: 64.0
  z: 359.0
  yaw: 0.0
  pitch: 0.0
logoutlocation:
  world: world
  x: 519.194264355256
  y: 63.0
  z: 406.7350459519356
  yaw: -93.75003
  pitch: 28.800003
