timestamps:
  login: 1683221952485
  logout: 1683222196485
  lastteleport: 1683220094485
ipAddress: 127.0.0.1
lastlocation:
  world: world
  x: 134.3976993907097
  y: 64.0
  z: 369.19273170343985
  yaw: -37.500004
  pitch: -61.200005
logoutlocation:
  world: world
  x: -33.90112142854319
  y: 69.0
  z: 382.1349268507867
  yaw: -353.70007
  pitch: 9.750001
money: '5486.0'
