timestamps:
  login: 1682448865674
  lastteleport: 1682363006598
  logout: 1682448909524
ipAddress: 127.0.0.1
lastlocation:
  world: world
  x: 145.02615174641892
  y: 64.0
  z: 374.4651823625918
  yaw: -240.60002
  pitch: 64.35
money: '0.0'
logoutlocation:
  world: world
  x: 68.5
  y: 49.0
  z: 312.5
  yaw: -113.40001
  pitch: -51.150005
