timestamps:
  login: 1683217770235
  logout: 1683218963985
ipAddress: 127.0.0.1
lastlocation:
  world: world
  x: 100.0
  y: 64.0
  z: 359.0
  yaw: 0.0
  pitch: 0.0
logoutlocation:
  world: world
  x: -99.68735381393722
  y: 67.0
  z: 419.969048414253
  yaw: 254.55011
  pitch: 21.150003
