timestamps:
  login: 1683567068688
  logout: 1683567318138
ipAddress: 127.0.0.1
lastlocation:
  world: world
  x: 100.0
  y: 64.0
  z: 359.0
  yaw: 0.0
  pitch: 0.0
logoutlocation:
  world: world
  x: 90.11553295586799
  y: 67.0
  z: 607.2076075935572
  yaw: -3.6000366
  pitch: 28.349995
