timestamps:
  login: 1681934842086
  logout: 1681934884135
ipAddress: 127.0.0.1
lastlocation:
  world: world
  x: 100.0
  y: 64.0
  z: 359.0
  yaw: 0.0
  pitch: 0.0
logoutlocation:
  world: world
  x: 114.3530099496619
  y: 64.0
  z: 365.94481834742066
  yaw: -41.400005
  pitch: 26.250002
