timestamps:
  login: 1683564429838
  logout: 1683564444788
ipAddress: 127.0.0.1
lastlocation:
  world: world
  x: 100.0
  y: 64.0
  z: 359.0
  yaw: 0.0
  pitch: 0.0
logoutlocation:
  world: world
  x: 104.69948117154777
  y: 64.0
  z: 359.6593060394403
  yaw: -7.200001
  pitch: 12.150002
