timestamps:
  login: 1682624948633
  lastteleport: 1682625042284
  logout: 1682625864833
ipAddress: 127.0.0.1
lastlocation:
  world: world
  x: 195.1989143981944
  y: 69.0
  z: 378.65572658380376
  yaw: 98.40001
  pitch: 20.70001
afk: false
logoutlocation:
  world: world
  x: 221.4045296540625
  y: 64.0
  z: 1022.4351435037503
  yaw: 2.2500818
  pitch: 40.049995
money: '2500'
