timestamps:
  login: 1683848958630
  lastteleport: 1683747135060
  kits:
    ironguardian: 1682957568125
    tools: 1683224958435
  logout: 1683848986580
ipAddress: 127.0.0.1
lastlocation:
  world: world
  x: 113.69999998807907
  y: 65.0
  z: 374.69999998807907
  yaw: -62.250004
  pitch: 21.90001
homes:
  caleb:
    world: world
    x: 140.8007741527225
    y: 57.0
    z: 6684.516498613369
    yaw: 269.1
    pitch: -27.30001
money: '5594.26'
afk: false
logoutlocation:
  world: world
  x: 100.0
  y: 64.0
  z: 359.0
  yaw: 0.0
  pitch: 0.0
