timestamps:
  login: 1683226953086
  logout: 1683227276485
ipAddress: 127.0.0.1
lastlocation:
  world: world
  x: 100.0
  y: 64.0
  z: 359.0
  yaw: 0.0
  pitch: 0.0
money: '1138.0'
logoutlocation:
  world: world
  x: -308.4326104084679
  y: 71.0
  z: -27.730541449517556
  yaw: 118.35004
  pitch: 29.70001
