timestamps:
  login: 1683125290601
  logout: 1683125295805
ipAddress: 127.0.0.1
lastlocation:
  world: world
  x: 100.0
  y: 64.0
  z: 359.0
  yaw: 0.0
  pitch: 0.0
logoutlocation:
  world: world
  x: 100.5
  y: 64.0
  z: 359.5
  yaw: -79.80001
  pitch: 18.600002
