timestamps:
  login: 1682625513533
  kits:
    ironguardian: 1682450087824
  logout: 1682625607333
ipAddress: 127.0.0.1
lastlocation:
  world: world
  x: 100.0
  y: 64.0
  z: 359.0
  yaw: 0.0
  pitch: 0.0
money: '0.0'
logoutlocation:
  world: world
  x: 101.55159283359271
  y: 64.0
  z: 358.2534715168777
  yaw: -79.50001
  pitch: 18.600002
homes:
  home:
    world: world
    x: 233.0277202961862
    y: 73.0
    z: 410.8602993363155
    yaw: -51.900005
    pitch: 4.650001
afk: false
