timestamps:
  login: 1683129163582
  logout: 1683129214081
  lastteleport: 1683060858615
ipAddress: 127.0.0.1
lastlocation:
  world: world
  x: 41.47360670144975
  y: 29.0
  z: 404.166722484032
  yaw: -82.200066
  pitch: 51.449997
logoutlocation:
  world: world
  x: 297.54631303707714
  y: 74.0
  z: 419.69999998807907
  yaw: 7.350001
  pitch: -69.00001
homes:
  home:
    world: world
    x: 353.4867603224888
    y: 64.0
    z: 538.6999999880791
    yaw: -62.250034
    pitch: 13.200002
