timestamps:
  login: 1683764558204
  kits:
    ironguardian: 1683762391347
  logout: 1683764893953
  lastteleport: 1683763467258
ipAddress: 127.0.0.1
lastlocation:
  world: world
  x: 82.74108671150506
  y: 64.0
  z: 160.14827258446465
  yaw: 219.26248
  pitch: -2.8500068
money: '500.0'
afk: false
logoutlocation:
  world: world
  x: 128.88252613857745
  y: 64.6
  z: 457.14130102778745
  yaw: -83.25001
  pitch: 7.950001
