timestamps:
  login: 1682974169670
  logout: 1682975261219
  lastteleport: 1682975166469
ipAddress: 127.0.0.1
lastlocation:
  world: world
  x: 120.88292967005506
  y: 64.0
  z: 364.95145636961706
  yaw: 10.950001
  pitch: 5.550001
logoutlocation:
  world: world
  x: 119.17726403410188
  y: 64.0
  z: 364.6949218454387
  yaw: 101.100006
  pitch: 9.300001
homes:
  home:
    world: world
    x: 539.0466406754687
    y: 64.0
    z: 7203.420922969112
    yaw: 81.24376
    pitch: 18.093752
money: '0.00'
nickname: venom_snake
afk: false
