timestamps:
  login: 1683057513306
  lastteleport: 1683058397956
  logout: 1683058448006
ipAddress: 127.0.0.1
lastlocation:
  world: world
  x: 166.42391536343595
  y: 70.0
  z: 270.5303376061729
  yaw: 181.35004
  pitch: 72.000015
homes:
  home:
    world: world
    x: 164.50030190602865
    y: 74.0
    z: 271.7178526862228
    yaw: 229.05002
    pitch: 47.400013
money: '5.0'
logoutlocation:
  world: world
  x: 164.5
  y: 74.0
  z: 271.5
  yaw: 229.05002
  pitch: 47.400013
