timestamps:
  login: 1683561790638
  logout: 1683561821638
ipAddress: 127.0.0.1
lastlocation:
  world: world
  x: 100.0
  y: 64.0
  z: 359.0
  yaw: 0.0
  pitch: 0.0
logoutlocation:
  world: world
  x: 100.0
  y: 64.0
  z: 359.0
  yaw: -0.6000001
  pitch: -1.2000002
