timestamps:
  login: 1683060096115
  logout: 1683060210715
ipAddress: 127.0.0.1
lastlocation:
  world: world
  x: 100.0
  y: 64.0
  z: 359.0
  yaw: 0.0
  pitch: 0.0
logoutlocation:
  world: world
  x: 112.92623524204228
  y: 64.0
  z: 361.24795556234153
  yaw: -69.3
  pitch: 6.7500005
