timestamps:
  login: 1683559238738
  logout: 1683561154938
  lastteleport: 1683561095738
  kits:
    ironguardian: 1683560147340
ipAddress: 127.0.0.1
lastlocation:
  world: world
  x: 97.29429344316117
  y: 64.0
  z: 347.29871831755133
  yaw: -61.05005
  pitch: 60.3
logoutlocation:
  world: world
  x: 97.35577427515274
  y: 64.0
  z: 382.15569175702916
  yaw: 27.900002
  pitch: 12.900002
homes:
  home:
    world: world
    x: 393.72492215274616
    y: 48.0
    z: 79.05081554831555
    yaw: -151.65001
    pitch: 21.449993
money: '886.5'
afk: false
nickname: Farmer_john
