timestamps:
  login: 1680720774476
  logout: 1680718652741
  lastteleport: 1680718610091
ipAddress: 127.0.0.1
lastlocation:
  world: world
  x: 394.7726974200431
  y: 71.0
  z: 202.394496571586
  yaw: -14.550018
  pitch: 21.149994
afk: false
logoutlocation:
  world: world
  x: 90.8431770443262
  y: 12.0
  z: 377.8213409716239
  yaw: 180.24365
  pitch: 28.499994
