timestamps:
  login: 1680637222110
  kits:
    tools: 1680637303113
  logout: 1680637424610
ipAddress: 127.0.0.1
lastlocation:
  world: world
  x: 100.0
  y: 64.0
  z: 359.0
  yaw: 0.0
  pitch: 0.0
logoutlocation:
  world: world
  x: 62.30000001192093
  y: 68.0
  z: 576.6999999880791
  yaw: -110.55001
  pitch: 7.9499927
