timestamps:
  login: 1710100300236
  logout: 1710100062551
ipAddress: 127.0.0.1
lastlocation:
  world: world
  x: 100.0
  y: 64.0
  z: 359.0
  yaw: 0.0
  pitch: 0.0
logoutlocation:
  world: world
  x: 100.0
  y: 64.0
  z: 359.0
  yaw: 2.8500001
  pitch: 0.75000006
afk: false
