timestamps:
  login: 1683579742882
  logout: 1683580087132
ipAddress: 127.0.0.1
lastlocation:
  world: world
  x: 100.0
  y: 64.0
  z: 359.0
  yaw: 0.0
  pitch: 0.0
logoutlocation:
  world: world
  x: 109.62110361845704
  y: 66.0
  z: 364.11159801986963
  yaw: 52.200073
  pitch: 20.100002
