timestamps:
  login: 1683208807004
  logout: 1683208812403
ipAddress: 127.0.0.1
lastlocation:
  world: world
  x: 100.0
  y: 64.0
  z: 359.0
  yaw: 0.0
  pitch: 0.0
logoutlocation:
  world: world
  x: 100.0
  y: 64.0
  z: 359.0
  yaw: 1.5000001
  pitch: 6.1500006
