timestamps:
  login: 1683147239773
ipAddress: 127.0.0.1
lastlocation:
  world: world
  x: 100.0
  y: 64.0
  z: 359.0
  yaw: 0.0
  pitch: 0.0
logoutlocation:
  world: world
  x: 101.17085743686816
  y: 64.0
  z: 368.55143279676633
  yaw: 6.7500005
  pitch: 6.6000004
money: '22.0'
