timestamps:
  login: 1680617201376
ipAddress: 127.0.0.1
lastlocation:
  world: world
  x: 100.0
  y: 64.0
  z: 359.0
  yaw: 0.0
  pitch: 0.0
logoutlocation:
  world: world
  x: 98.32132669535831
  y: 64.30421341792974
  z: 359.148536514562
  yaw: 0.15000002
  pitch: 5.1000004
