timestamps:
  login: 1682647962530
  logout: 1682648057379
ipAddress: 127.0.0.1
lastlocation:
  world: world
  x: 100.0
  y: 64.0
  z: 359.0
  yaw: 0.0
  pitch: 0.0
logoutlocation:
  world: world
  x: 96.00551646842649
  y: 64.0
  z: 385.6430954109044
  yaw: -11.400001
  pitch: 12.450001
