timestamps:
  login: 1683157217770
  logout: 1683157225270
ipAddress: 127.0.0.1
lastlocation:
  world: world
  x: 100.0
  y: 64.0
  z: 359.0
  yaw: 0.0
  pitch: 0.0
logoutlocation:
  world: world
  x: 100.57219077209868
  y: 64.0
  z: 359.2611430313632
  yaw: -74.25001
  pitch: 18.000002
