timestamps:
  login: 1683059883306
  logout: 1683059950506
ipAddress: 127.0.0.1
lastlocation:
  world: world
  x: 100.0
  y: 64.0
  z: 359.0
  yaw: 0.0
  pitch: 0.0
logoutlocation:
  world: world
  x: 73.30000001192093
  y: 64.0
  z: 386.03693649856734
  yaw: 284.10004
  pitch: 22.050003
