timestamps:
  login: 1683752772497
  logout: 1683752830597
ipAddress: 127.0.0.1
lastlocation:
  world: world
  x: 100.0
  y: 64.0
  z: 359.0
  yaw: 0.0
  pitch: 0.0
logoutlocation:
  world: world
  x: 67.129489301023
  y: 66.0
  z: 367.4829895173153
  yaw: 39.09427
  pitch: 34.11116
