timestamps:
  login: 1683308360326
  logout: 1683308424026
ipAddress: 127.0.0.1
lastlocation:
  world: world
  x: 100.0
  y: 64.0
  z: 359.0
  yaw: 0.0
  pitch: 0.0
logoutlocation:
  world: world
  x: 100.57219077209868
  y: 64.0
  z: 359.2611430313632
  yaw: -79.50001
  pitch: 18.600002
