timestamps:
  login: 1683140915751
  logout: 1683140931601
  kits:
    tools: 1683054109769
  lastteleport: 1683053985656
ipAddress: 127.0.0.1
lastlocation:
  world: world
  x: 105.85429091064104
  y: 53.0
  z: 387.99166271099523
  yaw: -72.75003
  pitch: -12.150009
money: '0.00'
afk: false
logoutlocation:
  world: world
  x: 109.1368815454162
  y: 65.0
  z: 367.7697709329164
  yaw: 16.2
  pitch: 3.1500003
