timestamps:
  login: 1683570690789
  lastteleport: 1683570902788
  logout: 1683571093138
ipAddress: 127.0.0.1
lastlocation:
  world: world
  x: 104.30000001192093
  y: 62.0
  z: 276.5745761145279
  yaw: -241.50002
  pitch: 90.0
logoutlocation:
  world: world
  x: 113.93532906759145
  y: 68.0
  z: 371.3639669243593
  yaw: -297.24377
  pitch: 90.0
