timestamps:
  login: 1683560419038
  logout: 1683560522438
ipAddress: 127.0.0.1
lastlocation:
  world: world
  x: 100.0
  y: 64.0
  z: 359.0
  yaw: 0.0
  pitch: 0.0
logoutlocation:
  world: world
  x: 96.46970273382142
  y: 73.0
  z: 285.69999998807907
  yaw: 6.0000305
  pitch: 47.550003
