timestamps:
  login: 1683817669061
  lastteleport: 1683817736610
  kits:
    ironguardian: 1683745566911
  logout: 1683817745360
ipAddress: 127.0.0.1
lastlocation:
  world: world
  x: 134.5
  y: 63.011999988555885
  z: 6701.5
  yaw: 0.0
  pitch: 0.0
money: '19.0'
logoutlocation:
  world: world
  x: 143.5
  y: 64.0
  z: 6690.5
  yaw: 193.08081
  pitch: 35.399994
afk: false
homes:
  home:
    world: world
    x: 143.5525954354296
    y: 64.0
    z: 6690.085951821488
    yaw: 193.08081
    pitch: 35.399994
