timestamps:
  login: 1683827594417
  lastteleport: 1683822691630
  logout: 1683826629601
ipAddress: 127.0.0.1
lastlocation:
  world: world
  x: 105.96474519460092
  y: 74.0
  z: 314.2855960232324
  yaw: -193.80002
  pitch: -11.55
nickname: DUCKY
logoutlocation:
  world: world
  x: -18.590587439144603
  y: 75.0
  z: 423.5727301083507
  yaw: 68.25001
  pitch: 31.350004
