timestamps:
  login: 1683218396985
  lastteleport: 1683217711985
  logout: 1683218451485
ipAddress: 127.0.0.1
lastlocation:
  world: world
  x: 57.69999998807907
  y: 66.0
  z: 568.6999999880792
  yaw: -72.450005
  pitch: 20.100002
logoutlocation:
  world: world
  x: 79.84760759772355
  y: 59.0
  z: 186.45310898871423
  yaw: -219.75002
  pitch: 35.850002
homes:
  home:
    world: world
    x: 95.18955790268642
    y: 54.0
    z: 421.57944865438105
    yaw: 198.15002
    pitch: 32.10001
money: '0.69'
