timestamps:
  login: 1681504057699
  logout: 1681504203920
  lastteleport: 1680639616810
ipAddress: 127.0.0.1
lastlocation:
  world: world
  x: -129.30000001192093
  y: 48.0
  z: 346.69999998807907
  yaw: 96.150055
  pitch: 6.3000007
logoutlocation:
  world: world
  x: 101.89571431031732
  y: 74.30421341792974
  z: 302.19057027429295
  yaw: -201.75006
  pitch: 9.900002
