timestamps:
  login: 1683054011356
  logout: 1683054048006
ipAddress: 127.0.0.1
lastlocation:
  world: world
  x: 100.0
  y: 64.0
  z: 359.0
  yaw: 0.0
  pitch: 0.0
logoutlocation:
  world: world
  x: 100.3271544063799
  y: 64.0
  z: 372.1189277670748
  yaw: 29.400002
  pitch: 10.649993
