timestamps:
  login: 1683128705582
  logout: 1683128984082
ipAddress: 127.0.0.1
lastlocation:
  world: world
  x: 100.0
  y: 64.0
  z: 359.0
  yaw: 0.0
  pitch: 0.0
logoutlocation:
  world: world
  x: 178.69999998807907
  y: 66.0
  z: 375.69999998807907
  yaw: -63.956257
  pitch: -11.231251
