timestamps:
  login: 1683830413317
  logout: 1683830442218
  kits:
    ironguardian: 1682627964056
    tools: 1683566001545
  lastteleport: 1683743167210
ipAddress: 127.0.0.1
lastlocation:
  world: world
  x: 118.63835487563468
  y: 62.0
  z: 363.1685083675594
  yaw: -27.750004
  pitch: 36.000004
logoutlocation:
  world: world
  x: 100.0
  y: 64.0
  z: 359.0
  yaw: 0.0
  pitch: 0.0
afk: false
money: '562.5001'
homes:
  temp:
    world: world
    x: 27.32459500511198
    y: 60.875
    z: 3558.7282004479302
    yaw: 99.0
    pitch: 75.15001
  base:
    world: world
    x: 143.46602557989507
    y: 64.0
    z: 6689.992367137066
    yaw: 186.78073
    pitch: 25.049994
ignore:
- frosty
