timestamps:
  login: 1683811309490
  lastteleport: 1683295751505
  logout: 1683811404239
  kits:
    dark: 1683209138755
    ironguardian: 1683296072912
ipAddress: 127.0.0.1
lastlocation:
  world: world
  x: 516.3597405094747
  y: 54.5
  z: 7205.35566374223
  yaw: -179.72382
  pitch: 13.799994
homes:
  bob:
    world: world
    x: 566.3000000119209
    y: 65.0
    z: 7203.5953840741595
    yaw: -130.67374
    pitch: 43.799995
  woah:
    world: world
    x: 521.6015795345883
    y: 54.5
    z: 7206.699999988079
    yaw: -154.97382
    pitch: 16.499994
afk: false
logoutlocation:
  world: world
  x: 583.2722764425932
  y: 64.0
  z: 7216.5728753930225
  yaw: -332.85004
  pitch: 49.80001
money: '0.80'
