timestamps:
  login: 1683823708175
  logout: 1683823732374
  lastteleport: 1683822545630
  kits:
    ironguardian: 1683776372833
    tools: 1683822236537
ipAddress: 127.0.0.1
lastlocation:
  world: world
  x: 113.69999998807907
  y: 64.0
  z: 351.30000001192093
  yaw: -48.900005
  pitch: 12.450002
logoutlocation:
  world: world
  x: 10990.035546987636
  y: 78.5
  z: 8736.758684360513
  yaw: -277.13287
  pitch: 70.339195
afk: false
homes:
  base:
    world: world
    x: -8.118956618264471
    y: 19.0
    z: 166.6394667415447
    yaw: -196.5564
    pitch: 21.149994
  blazes:
    world: world_nether
    x: 300.88406653291827
    y: 69.0
    z: 123.31764798895937
    yaw: -289.2002
    pitch: 15.449993
  mush:
    world: world
    x: 10965.14939608113
    y: 70.0
    z: 8744.52769207791
    yaw: -297.78574
    pitch: 17.099995
money: '22958.0'
ignore:
- oliviamc
- smirk_cat
ban:
  reason: 'ยง4Banned:

    ยงr Your account is suspended temporarily to save resources'
  timeout: 0
