timestamps:
  login: 1683903783311
  lastteleport: 1683826477051
  logout: 1683836374080
  kits:
    ironguardian: 1683824854014
ipAddress: 127.0.0.1
lastlocation:
  world: world
  x: -10920.14924444723
  y: 16.0
  z: 1059.0789811393554
  yaw: 171.94931
  pitch: 44.999996
logoutlocation:
  world: world
  x: 100.0
  y: 64.0
  z: 359.0
  yaw: 0.0
  pitch: 0.0
afk: false
money: '2323.0'
homes:
  cum:
    world: world
    x: -10895.363831576415
    y: 21.0
    z: 1063.7996272215387
    yaw: 104.749306
    pitch: 16.949995
  home:
    world: world
    x: -10790.555974473664
    y: 19.0
    z: 999.9361521548747
    yaw: -327.10077
    pitch: 48.899998
