timestamps:
  login: 1683225240035
  logout: 1683225263985
ipAddress: 127.0.0.1
lastlocation:
  world: world
  x: 100.0
  y: 64.0
  z: 359.0
  yaw: 0.0
  pitch: 0.0
logoutlocation:
  world: world
  x: 100.31378188652636
  y: 64.0
  z: 372.2005828421661
  yaw: 353.40002
  pitch: 16.2
