timestamps:
  login: 1683227842735
  logout: 1683227911785
ipAddress: 127.0.0.1
lastlocation:
  world: world
  x: 100.0
  y: 64.0
  z: 359.0
  yaw: 0.0
  pitch: 0.0
logoutlocation:
  world: world
  x: 98.52926715396217
  y: 64.0
  z: 369.7888710878307
  yaw: 351.60004
  pitch: 8.85
