timestamps:
  login: 1683927175686
ipAddress: 127.0.0.1
lastlocation:
  world: world
  x: 100.0
  y: 64.0
  z: 359.0
  yaw: 0.0
  pitch: 0.0
logoutlocation:
  world: world
  x: 100.5
  y: 64.0
  z: 359.5
  yaw: -82.65001
  pitch: 19.050003
