timestamps:
  login: 1683571505539
  lastteleport: 1683221556335
  logout: 1683571515638
ipAddress: 127.0.0.1
lastlocation:
  world: world
  x: 164.3954632911783
  y: 63.0
  z: 452.6876153933621
  yaw: 248.55002
  pitch: 5.4000087
logoutlocation:
  world: world
  x: 90.41466294782546
  y: 64.0
  z: 358.01298272318263
  yaw: -99.600006
  pitch: 12.900002
