timestamps:
  login: 1683579468082
  logout: 1683580052133
  lastteleport: 1683145999097
  kits:
    ironguardian: 1683059158806
    tools: 1683059760256
ipAddress: 127.0.0.1
lastlocation:
  world: world
  x: 109.30000001192093
  y: 61.0
  z: 386.30000001192093
  yaw: 82.80005
  pitch: 19.800003
money: '285.50'
logoutlocation:
  world: world
  x: 40.30374631903281
  y: 12.0
  z: 403.6240739136625
  yaw: 356.25003
  pitch: 33.149994
afk: false
