timestamps:
  login: 1683752697098
  logout: 1683752725597
ipAddress: 127.0.0.1
lastlocation:
  world: world
  x: 100.0
  y: 64.0
  z: 359.0
  yaw: 0.0
  pitch: 0.0
logoutlocation:
  world: world
  x: 96.9175847250981
  y: 64.0
  z: 385.6768781021204
  yaw: -12.759178
  pitch: 25.268177
