timestamps:
  login: 1683752395647
  logout: 1683752525598
ipAddress: 127.0.0.1
lastlocation:
  world: world
  x: 100.0
  y: 64.0
  z: 359.0
  yaw: 0.0
  pitch: 0.0
logoutlocation:
  world: world
  x: 111.43583613640504
  y: 65.0
  z: 399.5222986650557
  yaw: -94.586
  pitch: 1.7512598
