timestamps:
  login: 1683752221797
  logout: 1683752275597
ipAddress: 127.0.0.1
lastlocation:
  world: world
  x: 100.0
  y: 64.0
  z: 359.0
  yaw: 0.0
  pitch: 0.0
ban:
  reason: '§4Banned:

    §rThe reckoning shall soon begin, the blight is eternal.'
  timeout: 0
logoutlocation:
  world: world
  x: 111.29826077905017
  y: 67.0
  z: 364.03071588035624
  yaw: -283.95425
  pitch: 36.841244
