timestamps:
  login: 1683752476548
  logout: 1683752498097
ipAddress: 127.0.0.1
lastlocation:
  world: world
  x: 100.0
  y: 64.0
  z: 359.0
  yaw: 0.0
  pitch: 0.0
logoutlocation:
  world: world
  x: 113.11185505424204
  y: 64.0
  z: 355.83876551706527
  yaw: 255.45003
  pitch: -33.600002
