timestamps:
  login: 1681571904525
  lastteleport: 1681571981406
  logout: 1681571991156
ipAddress: 127.0.0.1
lastlocation:
  world: world
  x: 164.37866872946933
  y: 65.0
  z: 310.3212716049959
  yaw: -19.050018
  pitch: 22.500002
logoutlocation:
  world: world
  x: 87.75728159920061
  y: 64.0
  z: 395.7699009371265
  yaw: 11.400001
  pitch: 14.400002
