timestamps:
  login: 1683842820230
  logout: 1683842849081
  lastteleport: 1683826494401
  kits:
    ironguardian: 1680793516916
ipAddress: 127.0.0.1
lastlocation:
  world: world
  x: 72.69050101876907
  y: 64.0
  z: 354.0058223448067
  yaw: -30.450003
  pitch: 9.300001
logoutlocation:
  world: world
  x: 100.0
  y: 64.0
  z: 359.0
  yaw: 0.0
  pitch: 0.0
homes:
  notch:
    world: world
    x: 560.8503406698308
    y: 65.0
    z: 7158.398018029673
    yaw: 64.88817
    pitch: 11.550001
  chest:
    world: world
    x: 14920.904093006127
    y: 4.0
    z: 10517.379140104591
    yaw: 75.60022
    pitch: 34.349995
  h:
    world: world
    x: 15275.380348061883
    y: 63.0
    z: 11090.994495921213
    yaw: 257.83365
    pitch: 50.549995
money: '124.611000300000000000000001'
nickname: Devil
afk: false
ignore:
- realrx
