timestamps:
  login: 1683146209141
ipAddress: 127.0.0.1
lastlocation:
  world: world
  x: 100.0
  y: 64.0
  z: 359.0
  yaw: 0.0
  pitch: 0.0
logoutlocation:
  world: world
  x: 128.78992608573657
  y: 64.0
  z: 377.0432869459347
  yaw: 218.10002
  pitch: 6.5999928
