timestamps:
  login: 1683745239960
  logout: 1683745408560
  lastteleport: 1683745342460
ipAddress: 127.0.0.1
lastlocation:
  world: world
  x: 117.74001516414634
  y: 64.0
  z: 363.9982882555815
  yaw: 75.90001
  pitch: 3.1500008
logoutlocation:
  world: world
  x: 304.8531786523605
  y: 17.0
  z: 279.23719974114164
  yaw: -6.6000366
  pitch: 28.800003
homes:
  home:
    world: world
    x: 305.5830108662938
    y: 17.0
    z: 280.07218385072355
    yaw: 11.400001
    pitch: 33.750004
money: '0.1001'
