timestamps:
  login: 1683741955911
  lastteleport: 1683742404760
  logout: 1683742516060
ipAddress: 127.0.0.1
lastlocation:
  world: world
  x: -140.38143296731695
  y: 52.0
  z: 365.30000001192093
  yaw: -254.85004
  pitch: 5.8499923
money: '30.0'
logoutlocation:
  world: world
  x: 98.21909153582762
  y: 64.0
  z: 400.15611340184597
  yaw: -3.1500008
  pitch: 15.150002
