timestamps:
  login: 1683565201239
  logout: 1683565260638
ipAddress: 127.0.0.1
lastlocation:
  world: world
  x: 100.0
  y: 64.0
  z: 359.0
  yaw: 0.0
  pitch: 0.0
logoutlocation:
  world: world
  x: 100.67258213328553
  y: 64.0
  z: 358.84030787718444
  yaw: -24.900002
  pitch: 6.9000006
