timestamps:
  login: 1683577926432
  logout: 1683578742132
ipAddress: 127.0.0.1
lastlocation:
  world: world
  x: 100.0
  y: 64.0
  z: 359.0
  yaw: 0.0
  pitch: 0.0
logoutlocation:
  world: world
  x: 108.34702461607826
  y: 64.0
  z: 333.2634760759039
  yaw: -312.75003
  pitch: -32.10001
afk: false
