timestamps:
  login: 1683831343867
  logout: 1683831372217
  lastteleport: 1683825602902
ipAddress: 127.0.0.1
lastlocation:
  world: world
  x: 42.30000001192092
  y: 11.0
  z: 412.4873336974318
  yaw: 273.60004
  pitch: -1.349992
logoutlocation:
  world: world
  x: 100.0
  y: 64.0
  z: 359.0
  yaw: 0.0
  pitch: 0.0
homes:
  home:
    world: world
    x: 63.47938618196282
    y: 90.0
    z: 422.39275328292183
    yaw: -274.80002
    pitch: 32.250004
afk: false
