timestamps:
  login: 1683752083697
  logout: 1683752360597
ipAddress: 127.0.0.1
lastlocation:
  world: world
  x: 100.0
  y: 64.0
  z: 359.0
  yaw: 0.0
  pitch: 0.0
afk: false
logoutlocation:
  world: world
  x: 145.69999998807907
  y: 55.0
  z: 392.952582984811
  yaw: -352.95007
  pitch: -38.250004
