timestamps:
  login: 1683045973293
  lastteleport: 1683045936843
  logout: 1683046078842
ipAddress: 127.0.0.1
lastlocation:
  world: world
  x: 96.65059384681565
  y: 64.0
  z: 340.55786611698295
  yaw: -283.65002
  pitch: 15.900002
afk: false
logoutlocation:
  world: world
  x: 100.57219077209868
  y: 64.0
  z: 359.2611430313632
  yaw: -81.600006
  pitch: 18.000002
