timestamps:
  login: 1683143696501
  logout: 1683144054101
  kits:
    ironguardian: 1683143348101
  lastteleport: 1683143359651
ipAddress: 127.0.0.1
lastlocation:
  world: world
  x: 107.69819206477982
  y: 64.0
  z: 325.0918090503704
  yaw: -256.9498
  pitch: -89.55
afk: false
logoutlocation:
  world: world
  x: 121.21026089312454
  y: 64.0
  z: 334.452505265278
  yaw: 123.150055
  pitch: 37.950005
money: '125.00'
