timestamps:
  login: 1683226583535
  lastteleport: 1682981049269
  logout: 1683226633985
  kits:
    ironguardian: 1680721073709
ipAddress: 127.0.0.1
lastlocation:
  world: world
  x: 121.86658432157263
  y: 64.0
  z: 378.8737298952774
  yaw: -192.30002
  pitch: -4.0499997
afk: false
logoutlocation:
  world: world
  x: 100.0
  y: 64.0
  z: 359.0
  yaw: -1.8000002
  pitch: -18.45
money: '5.0'
