timestamps:
  login: 1683752620847
  logout: 1683752740597
ipAddress: 127.0.0.1
lastlocation:
  world: world
  x: 100.0
  y: 64.0
  z: 359.0
  yaw: 0.0
  pitch: 0.0
logoutlocation:
  world: world
  x: 117.46285847312838
  y: 61.0
  z: 392.30000001192093
  yaw: 196.65002
  pitch: 10.200001
