timestamps:
  login: 1682524041974
  lastteleport: 1682524399074
  logout: 1682524438724
ipAddress: 127.0.0.1
lastlocation:
  world: world
  x: 95.71213945349223
  y: 64.0
  z: 379.533309298967
  yaw: 62.64868
  pitch: -11.895965
logoutlocation:
  world: world
  x: 44.79658202039881
  y: 17.42848258996463
  z: 410.3079843107341
  yaw: 9.939599
  pitch: 90.0
