timestamps:
  login: 1682912093791
  logout: 1682912090193
ipAddress: 127.0.0.1
lastlocation:
  world: world
  x: 100.0
  y: 64.0
  z: 359.0
  yaw: 0.0
  pitch: 0.0
logoutlocation:
  world: world
  x: 100.0
  y: 64.0
  z: 359.0
  yaw: -0.30000004
  pitch: 0.30000004
