timestamps:
  login: 1683579460582
  logout: 1683580054632
ipAddress: 127.0.0.1
lastlocation:
  world: world
  x: 100.0
  y: 64.0
  z: 359.0
  yaw: 0.0
  pitch: 0.0
logoutlocation:
  world: world
  x: 103.96837020436615
  y: 64.0
  z: 360.5064367398113
  yaw: -97.50001
  pitch: 6.000001
