timestamps:
  login: 1683761926347
  lastteleport: 1683747985547
  logout: 1683748043097
  kits:
    ironguardian: 1683747666199
ipAddress: 127.0.0.1
lastlocation:
  world: world
  x: 184.03552379518163
  y: 69.0
  z: 340.8367782787492
  yaw: 176.25002
  pitch: 15.9000025
money: '225.001'
homes:
  lucidbase:
    world: world
    x: -64.5
    y: 12.0
    z: -195.5
    yaw: -153.15019
    pitch: 23.099993
logoutlocation:
  world: world
  x: 100.0
  y: 64.0
  z: 359.0
  yaw: 0.0
  pitch: 0.0
afk: false
