timestamps:
  login: 1682448861675
  logout: 1682448897024
ipAddress: 127.0.0.1
lastlocation:
  world: world
  x: 100.0
  y: 64.0
  z: 359.0
  yaw: 0.0
  pitch: 0.0
logoutlocation:
  world: world
  x: 100.0898198968014
  y: 64.0
  z: 360.431662997459
  yaw: -58.200005
  pitch: 18.600002
