timestamps:
  login: 1683214692089
  logout: 1683214975690
ipAddress: 127.0.0.1
lastlocation:
  world: world
  x: 100.0
  y: 64.0
  z: 359.0
  yaw: 0.0
  pitch: 0.0
logoutlocation:
  world: world
  x: 100.57219077209868
  y: 64.0
  z: 359.2611430313632
  yaw: -79.65001
  pitch: 17.550003
