timestamps:
  login: 1683218110686
  logout: 1683218358985
ipAddress: 127.0.0.1
lastlocation:
  world: world
  x: 100.0
  y: 64.0
  z: 359.0
  yaw: 0.0
  pitch: 0.0
logoutlocation:
  world: world
  x: 114.30000001192091
  y: 68.0
  z: 302.79426038055675
  yaw: -109.650055
  pitch: 45.750004
